#______________Restriction.R______________
#_________________________________________
#
# The maturities used in the analysis are 
# 3, 6, 9, 12, 18, 24, 36, 48, 60, 72, 84, 
# 96, 108, 120, 144, 180, 240 months. 
#
# ________________________________________

maturities_GLOBAL <- c(3, 6, 9, 12, 18, 24, 36, 48, 60, 72, 84, 96,
                       108, 120, 144, 180, 240)
